Measurement:	L2R2_Out
Date:	2022-04-21	Time:	10:43:52
#################################################################################
V_Drain	V_Gate	I_Drain	I_Gate	t_Time	
0.0	0.0	-2.042122e-11	4.552672e-12	0.17754888534545898	
-0.2	0.0	-2.296342e-11	1.787543e-12	1.5097765922546387	
-0.4	0.0	-1.978853e-11	-2.198851e-12	2.954725503921509	
-0.6000000000000001	0.0	-1.934744e-11	-8.404416e-12	4.380746126174927	
-0.8	0.0	-1.984659e-11	3.531593e-12	5.478744983673096	
-1.0	0.0	-2.090297e-11	-4.374235e-13	6.8107194900512695	
-1.2000000000000002	0.0	-2.028192e-11	-1.43402e-12	8.23874020576477	
-1.4000000000000001	0.0	-2.064176e-11	4.918172e-12	9.33862829208374	
-1.6	0.0	-2.030513e-11	-7.031199e-12	10.665778875350952	
-1.8	0.0	-2.078688e-11	-4.261584e-12	12.090672254562378	
-2.0	0.0	-2.195931e-11	4.335399e-13	13.20088243484497	
-2.2	0.0	-2.284737e-11	-2.749301e-12	14.517977476119995	
-2.4000000000000004	0.0	-2.253975e-11	-1.203737e-11	15.947758436203003	
-2.6	0.0	-2.216246e-11	-1.248922e-12	17.050748109817505	
-2.8000000000000003	0.0	-2.132665e-11	-1.251561e-11	18.04378056526184	
-3.0	0.0	-2.967887e-11	-8.4545e-12	19.0215322971344	
-3.2	0.0	-2.694511e-11	-6.069365e-12	20.33013916015625	
-3.4000000000000004	0.0	-2.496008e-11	-3.207042e-12	21.750255823135376	
-3.6	0.0	-2.79608e-11	1.065517e-11	22.862228870391846	
-3.8000000000000003	0.0	-2.905202e-11	1.683246e-12	24.185791969299316	
-4.0	0.0	-2.827428e-11	4.02733e-13	25.633620023727417	
-4.2	0.0	-3.359087e-11	6.950092e-12	27.04366111755371	
-4.4	0.0	-3.262161e-11	-1.451401e-12	28.465672731399536	
-4.6000000000000005	0.0	-3.865796e-11	1.52436e-11	29.563862323760986	
-4.800000000000001	0.0	-3.431062e-11	-2.090154e-12	30.564107418060303	
-5.0	0.0	-4.314456e-11	1.54998e-12	31.871731281280518	
0.0	-1.0	-7.785522e-12	5.359992e-13	33.64493227005005	
-0.2	-1.0	-5.359363e-10	2.337987e-12	35.07699799537659	
-0.4	-1.0	-8.186679e-10	-3.731998e-12	36.19747042655945	
-0.6000000000000001	-1.0	-8.229989e-10	9.847116e-12	37.504650831222534	
-0.8	-1.0	-8.726997e-10	4.865958e-12	38.606396198272705	
-1.0	-1.0	-8.296911e-10	-1.399763e-12	39.587690353393555	
-1.2000000000000002	-1.0	-9.696115e-10	-2.870978e-12	40.87874460220337	
-1.4000000000000001	-1.0	-7.893924e-10	-3.821225e-12	42.2960946559906	
-1.6	-1.0	-8.333883e-10	-5.066371e-12	43.398858308792114	
-1.8	-1.0	-8.169107e-10	1.095378e-11	44.72737002372742	
-2.0	-1.0	-8.280021e-10	-1.882772e-11	45.839298486709595	
-2.2	-1.0	-9.517237e-10	1.91234e-11	47.14263463020325	
-2.4000000000000004	-1.0	-7.8165e-10	-1.676543e-11	48.571866035461426	
-2.6	-1.0	-7.968509e-10	-1.359601e-11	49.98362588882446	
-2.8000000000000003	-1.0	-8.153544e-10	-1.111743e-11	51.07043719291687	
-3.0	-1.0	-8.207063e-10	6.700947e-12	52.391114711761475	
-3.2	-1.0	-8.426054e-10	2.749375e-12	53.80874443054199	
-3.4000000000000004	-1.0	-8.939316e-10	-8.728898e-12	55.2328040599823	
-3.6	-1.0	-8.591419e-10	-3.392456e-12	56.66185474395752	
-3.8000000000000003	-1.0	-8.627112e-10	9.679089e-12	58.094749450683594	
-4.0	-1.0	-7.995729e-10	2.034015e-11	59.53074645996094	
-4.2	-1.0	-7.876401e-10	3.113877e-12	60.63430666923523	
-4.4	-1.0	-8.805133e-10	3.462059e-12	61.94173216819763	
-4.6000000000000005	-1.0	-7.434536e-10	2.047594e-11	63.052680253982544	
-4.800000000000001	-1.0	-9.181531e-10	-1.843323e-11	64.04420065879822	
-5.0	-1.0	-8.537847e-10	-1.171499e-11	65.02296924591064	
0.0	-2.0	-4.123091e-12	-5.374068e-12	66.67289900779724	
-0.2	-2.0	-2.553199e-09	-4.084502e-13	68.12302112579346	
-0.4	-2.0	-4.510429e-09	-5.663939e-12	69.22339534759521	
-0.6000000000000001	-2.0	-6.297508e-09	6.092573e-12	70.5238311290741	
-0.8	-2.0	-7.180796e-09	8.74625e-12	71.95349359512329	
-1.0	-2.0	-8.090915e-09	1.071716e-12	73.2734842300415	
-1.2000000000000002	-2.0	-8.80068e-09	-2.739773e-11	74.71635818481445	
-1.4000000000000001	-2.0	-9.237661e-09	-7.195553e-12	76.13673639297485	
-1.6	-2.0	-1.005662e-08	-2.295847e-11	77.12762331962585	
-1.8	-2.0	-1.01226e-08	9.064921e-12	78.44695377349854	
-2.0	-2.0	-9.744962e-09	-3.695771e-11	79.86175537109375	
-2.2	-2.0	-1.037812e-08	-1.601217e-11	81.29526329040527	
-2.4000000000000004	-2.0	-9.55119e-09	-5.101734e-12	82.7258608341217	
-2.6	-2.0	-9.364217e-09	-2.269996e-12	84.04031682014465	
-2.8000000000000003	-2.0	-9.316469e-09	-9.395216e-12	85.48416996002197	
-3.0	-2.0	-9.519922e-09	-2.907227e-11	87.35008525848389	
-3.2	-2.0	-8.295793e-09	-4.974269e-12	88.76711750030518	
-3.4000000000000004	-2.0	-8.59312e-09	4.134183e-12	90.19980525970459	
-3.6	-2.0	-8.747883e-09	-2.670822e-11	91.64070558547974	
-3.8000000000000003	-2.0	-8.914427e-09	1.119465e-11	92.9421033859253	
-4.0	-2.0	-9.042526e-09	-9.173892e-12	94.04294490814209	
-4.2	-2.0	-9.096294e-09	-1.821976e-11	95.69473147392273	
-4.4	-2.0	-8.994697e-09	9.771796e-12	97.12290525436401	
-4.6000000000000005	-2.0	-8.935224e-09	-4.342444e-11	98.54660177230835	
-4.800000000000001	-2.0	-8.722704e-09	-3.929896e-11	99.97518014907837	
-5.0	-2.0	-7.967448e-09	1.018897e-11	101.54269528388977	
0.0	-3.0	-2.654638e-12	-5.634805e-12	103.31289839744568	
-0.2	-3.0	-4.868106e-09	8.952379e-13	104.74055910110474	
-0.4	-3.0	-9.317333e-09	-1.61686e-11	106.4936683177948	
-0.6000000000000001	-3.0	-1.387861e-08	-6.644399e-12	107.92338728904724	
-0.8	-3.0	-1.790566e-08	-1.306935e-12	108.91410112380981	
-1.0	-3.0	-2.173358e-08	-2.215786e-11	109.89584565162659	
-1.2000000000000002	-3.0	-2.381047e-08	-2.08793e-11	111.2136971950531	
-1.4000000000000001	-3.0	-2.556935e-08	3.355061e-11	112.6448426246643	
-1.6	-3.0	-2.857877e-08	1.771545e-11	114.07266902923584	
-1.8	-3.0	-2.937844e-08	3.322734e-12	115.18335032463074	
-2.0	-3.0	-3.162742e-08	2.57555e-12	116.48449420928955	
-2.2	-3.0	-3.086569e-08	2.812156e-11	117.99423480033875	
-2.4000000000000004	-3.0	-2.991638e-08	-5.692747e-12	119.43509674072266	
-2.6	-3.0	-3.097166e-08	-1.151774e-11	120.53542757034302	
-2.8000000000000003	-3.0	-3.053363e-08	4.216056e-11	121.85275292396545	
-3.0	-3.0	-3.114711e-08	-2.602753e-11	122.96433973312378	
-3.2	-3.0	-3.11661e-08	-6.88634e-12	124.27066564559937	
-3.4000000000000004	-3.0	-3.012661e-08	-8.13209e-12	125.70266032218933	
-3.6	-3.0	-2.915512e-08	-1.953554e-11	126.80578351020813	
-3.8000000000000003	-3.0	-2.99311e-08	-2.4153e-11	128.13376235961914	
-4.0	-3.0	-2.890493e-08	-1.234445e-11	129.5602412223816	
-4.2	-3.0	-2.977838e-08	-1.912944e-11	130.9842028617859	
-4.4	-3.0	-2.844442e-08	-6.85737e-12	132.43358087539673	
-4.6000000000000005	-3.0	-2.856342e-08	2.530565e-11	133.8566653728485	
-4.800000000000001	-3.0	-2.859072e-08	1.651398e-11	134.9638636112213	
-5.0	-3.0	-3.006156e-08	-5.646393e-12	136.29266142845154	
0.0	-4.0	9.863861e-12	-3.844401e-12	137.62102103233337	
-0.2	-4.0	-6.990542e-09	-9.458176e-12	138.73421144485474	
-0.4	-4.0	-1.338186e-08	7.906113e-12	140.37375450134277	
-0.6000000000000001	-4.0	-2.016831e-08	5.22926e-12	141.81664872169495	
-0.8	-4.0	-2.562834e-08	4.490843e-13	143.23478889465332	
-1.0	-4.0	-3.086572e-08	-5.431875e-12	144.33638620376587	
-1.2000000000000002	-4.0	-3.777107e-08	1.732725e-11	145.66116070747375	
-1.4000000000000001	-4.0	-4.21561e-08	8.16105e-12	147.10369324684143	
-1.6	-4.0	-4.614541e-08	-1.187163e-11	148.21473217010498	
-1.8	-4.0	-4.974808e-08	-2.403133e-11	149.54375982284546	
-2.0	-4.0	-5.138281e-08	-1.632147e-11	150.676087141037	
-2.2	-4.0	-5.454363e-08	-1.4807e-11	151.99809956550598	
-2.4000000000000004	-4.0	-5.595043e-08	4.505003e-12	153.41874074935913	
-2.6	-4.0	-5.657469e-08	6.244478e-11	154.53765630722046	
-2.8000000000000003	-4.0	-5.772867e-08	-5.354106e-11	155.86367869377136	
-3.0	-4.0	-5.675022e-08	-1.350768e-11	156.9669017791748	
-3.2	-4.0	-5.70452e-08	7.053987e-11	158.2764754295349	
-3.4000000000000004	-4.0	-5.833776e-08	-3.281531e-11	159.69935393333435	
-3.6	-4.0	-5.659313e-08	-2.766687e-12	161.12874484062195	
-3.8000000000000003	-4.0	-5.817239e-08	-2.285987e-11	162.2484209537506	
-4.0	-4.0	-5.803381e-08	-1.328142e-11	163.22211265563965	
-4.2	-4.0	-5.803173e-08	-1.06243e-11	164.2021210193634	
-4.4	-4.0	-5.803769e-08	5.208212e-12	165.17212080955505	
-4.6000000000000005	-4.0	-5.72643e-08	-1.364958e-12	166.16205191612244	
-4.800000000000001	-4.0	-5.629658e-08	2.71076e-11	167.45614528656006	
-5.0	-4.0	-5.675777e-08	1.162589e-11	168.86512851715088	
0.0	-5.0	1.870177e-11	-3.624229e-12	170.2050814628601	
-0.2	-5.0	-8.964789e-09	-9.357263e-13	171.94842553138733	
-0.4	-5.0	-1.746211e-08	-4.271561e-12	173.04832911491394	
-0.6000000000000001	-5.0	-2.55783e-08	4.493415e-12	174.34830379486084	
-0.8	-5.0	-3.333593e-08	5.637472e-12	175.4383008480072	
-1.0	-5.0	-3.939891e-08	2.685639e-12	176.7482979297638	
-1.2000000000000002	-5.0	-4.820023e-08	8.752507e-12	177.8383297920227	
-1.4000000000000001	-5.0	-5.208378e-08	2.842082e-12	179.1482925415039	
-1.6	-5.0	-6.015026e-08	2.748374e-12	180.25851845741272	
-1.8	-5.0	-6.646944e-08	-1.693346e-11	181.55862092971802	
-2.0	-5.0	-7.278343e-08	7.847581e-12	182.65847897529602	
-2.2	-5.0	-7.576818e-08	-8.891136e-12	183.94861459732056	
-2.4000000000000004	-5.0	-7.939488e-08	1.01853e-11	185.0469377040863	
-2.6	-5.0	-8.053483e-08	5.362522e-12	186.34689354896545	
-2.8000000000000003	-5.0	-8.011626e-08	-1.37656e-12	187.43692302703857	
-3.0	-5.0	-8.249332e-08	1.719398e-11	188.74688863754272	
-3.2	-5.0	-8.415299e-08	-7.990381e-12	189.8369152545929	
-3.4000000000000004	-5.0	-8.591076e-08	-1.472588e-11	191.12703251838684	
-3.6	-5.0	-8.570738e-08	-4.422133e-11	192.22690987586975	
-3.8000000000000003	-5.0	-8.618977e-08	-1.416384e-11	193.52687788009644	
-4.0	-5.0	-8.569129e-08	2.26346e-11	194.9370231628418	
-4.2	-5.0	-8.745622e-08	4.047271e-12	196.3570146560669	
-4.4	-5.0	-8.576832e-08	1.593668e-11	197.7670156955719	
-4.6000000000000005	-5.0	-8.625808e-08	-2.97328e-11	199.17701411247253	
-4.800000000000001	-5.0	-8.776463e-08	-2.958797e-11	200.59701132774353	
-5.0	-5.0	-8.707355e-08	-1.159701e-11	202.0370066165924	
