Measurement:	T2B2_Out
Date:	2022-04-21	Time:	10:51:37
#################################################################################
V_Drain	V_Gate	I_Drain	I_Gate	t_Time	
0.0	0.0	-1.783255e-11	-9.29925e-13	0.5000317096710205	
-0.2	0.0	-2.160526e-11	-3.716922e-12	1.9400148391723633	
-0.4	0.0	-2.121637e-11	-3.913926e-12	3.360027551651001	
-0.6000000000000001	0.0	-1.967246e-11	-5.292943e-12	4.770021438598633	
-0.8	0.0	-2.203476e-11	-1.42243e-12	6.190021753311157	
-1.0	0.0	-2.027611e-11	-3.762398e-14	7.610016822814941	
-1.2000000000000002	0.0	-2.100744e-11	-2.088758e-12	9.020012378692627	
-1.4000000000000001	0.0	-1.908044e-11	-7.355667e-12	10.440008878707886	
-1.6	0.0	-2.011938e-11	-3.273267e-13	11.850005149841309	
-1.8	0.0	-1.994527e-11	3.085438e-12	13.270005941390991	
-2.0	0.0	-2.054888e-11	-1.636561e-11	14.680001258850098	
-2.2	0.0	-1.927776e-11	-3.612735e-13	15.789851665496826	
-2.4000000000000004	0.0	-2.249331e-11	-4.400635e-12	17.08984684944153	
-2.6	0.0	-2.630664e-11	-1.575996e-15	18.179847717285156	
-2.8000000000000003	0.0	-2.494267e-11	9.068284e-13	19.489840030670166	
-3.0	0.0	-2.27719e-11	-8.786818e-12	20.899985313415527	
-3.2	0.0	-2.614991e-11	-6.80777e-13	22.309983253479004	
-3.4000000000000004	0.0	-2.334652e-11	-5.648945e-13	23.72997808456421	
-3.6	0.0	-2.454218e-11	-2.059787e-12	25.149978637695312	
-3.8000000000000003	0.0	-2.623702e-11	3.595325e-12	26.589972972869873	
-4.0	0.0	-2.757775e-11	-1.683167e-12	28.00996994972229	
-4.2	0.0	-3.117052e-11	3.577943e-12	29.429966688156128	
-4.4	0.0	-3.283055e-11	4.37174e-12	30.840287685394287	
-4.6000000000000005	0.0	-3.119377e-11	3.479442e-12	32.28028225898743	
-4.800000000000001	0.0	-3.177419e-11	2.54658e-12	33.69027614593506	
-5.0	0.0	-3.262159e-11	6.838238e-12	34.78013873100281	
0.0	-1.0	-1.092558e-11	-3.401305e-12	36.11026215553284	
-0.2	-1.0	-4.876918e-10	-3.601041e-12	37.410266637802124	
-0.4	-1.0	-7.555415e-10	-1.451972e-12	38.5101273059845	
-0.6000000000000001	-1.0	-1.019981e-09	-2.482765e-12	39.810123443603516	
-0.8	-1.0	-1.090588e-09	-4.538423e-12	40.91012215614319	
-1.0	-1.0	-1.104801e-09	3.792328e-12	42.21011781692505	
-1.2000000000000002	-1.0	-1.096584e-09	1.799132e-12	43.63026547431946	
-1.4000000000000001	-1.0	-1.148519e-09	-6.666161e-12	45.05026125907898	
-1.6	-1.0	-1.115419e-09	-8.879539e-12	46.46026134490967	
-1.8	-1.0	-1.015442e-09	6.634741e-13	47.87025284767151	
-2.0	-1.0	-1.137185e-09	-7.57005e-12	49.28024983406067	
-2.2	-1.0	-1.125739e-09	2.361166e-12	50.690247535705566	
-2.4000000000000004	-1.0	-1.134335e-09	-1.682915e-11	52.10024309158325	
-2.6	-1.0	-1.14553e-09	-1.607846e-12	53.52023935317993	
-2.8000000000000003	-1.0	-9.989521e-10	6.770478e-12	54.93023633956909	
-3.0	-1.0	-9.931944e-10	3.679691e-13	56.360233783721924	
-3.2	-1.0	-9.670466e-10	-5.808624e-12	57.7802300453186	
-3.4000000000000004	-1.0	-8.926195e-10	-3.224422e-12	59.190227031707764	
-3.6	-1.0	-9.418279e-10	-2.06533e-11	60.6002242565155	
-3.8000000000000003	-1.0	-8.913145e-10	3.131791e-12	62.03022050857544	
-4.0	-1.0	-9.61632e-10	5.034188e-12	63.15007185935974	
-4.2	-1.0	-9.965553e-10	5.397287e-12	64.46006727218628	
-4.4	-1.0	-9.842451e-10	-9.707634e-12	65.56006455421448	
-4.6000000000000005	-1.0	-9.984356e-10	-1.045555e-11	66.85021042823792	
-4.800000000000001	-1.0	-9.383283e-10	-4.283152e-12	67.9600613117218	
-5.0	-1.0	-1.021397e-09	-3.197512e-11	69.27005696296692	
0.0	-2.0	-7.089019e-12	-2.858824e-15	71.0301742553711	
-0.2	-2.0	-2.822527e-09	5.2872e-12	72.47019624710083	
-0.4	-2.0	-5.111179e-09	-1.781667e-12	73.89019465446472	
-0.6000000000000001	-2.0	-6.857981e-09	-1.173283e-12	75.32019066810608	
-0.8	-2.0	-8.343517e-09	-1.58467e-12	76.74018859863281	
-1.0	-2.0	-9.475709e-09	-8.256325e-13	78.48018527030945	
-1.2000000000000002	-2.0	-1.03809e-08	-1.433186e-11	79.91018104553223	
-1.4000000000000001	-2.0	-1.070253e-08	-5.356677e-12	81.34018278121948	
-1.6	-2.0	-1.132681e-08	-5.171271e-12	82.7501745223999	
-1.8	-2.0	-1.137957e-08	-1.452307e-11	84.17017102241516	
-2.0	-2.0	-1.094843e-08	3.311411e-12	85.58016753196716	
-2.2	-2.0	-1.090515e-08	-1.664375e-11	87.01016473770142	
-2.4000000000000004	-2.0	-1.077415e-08	5.061231e-12	88.43016004562378	
-2.6	-2.0	-1.04861e-08	4.226888e-12	89.84015822410583	
-2.8000000000000003	-2.0	-1.052094e-08	3.096473e-12	90.94001030921936	
-3.0	-2.0	-1.060801e-08	4.974321e-12	92.24000453948975	
-3.2	-2.0	-1.078805e-08	5.979719e-12	93.34000658988953	
-3.4000000000000004	-2.0	-1.070791e-08	-6.579255e-12	94.64999890327454	
-3.6	-2.0	-1.122422e-08	9.556834e-13	95.74002408981323	
-3.8000000000000003	-2.0	-1.075169e-08	-2.423413e-11	97.04014134407043	
-4.0	-2.0	-1.043112e-08	6.646812e-12	98.13999581336975	
-4.2	-2.0	-1.013048e-08	4.92874e-14	99.43998789787292	
-4.4	-2.0	-9.879666e-09	1.549632e-11	100.8601336479187	
-4.6000000000000005	-2.0	-1.02802e-08	-9.812408e-12	102.27012825012207	
-4.800000000000001	-2.0	-1.015872e-08	1.193298e-11	103.68012690544128	
-5.0	-2.0	-1.010484e-08	4.722629e-13	105.09012413024902	
0.0	-3.0	-3.734214e-12	-2.78054e-12	106.5301206111908	
-0.2	-3.0	-5.021152e-09	-1.525398e-11	107.51011991500854	
-0.4	-3.0	-9.479719e-09	-1.288112e-11	108.81996631622314	
-0.6000000000000001	-3.0	-1.390587e-08	-1.846804e-11	109.80011296272278	
-0.8	-3.0	-1.764244e-08	-1.303775e-11	110.7701108455658	
-1.0	-3.0	-2.051004e-08	-1.726712e-11	111.75010871887207	
-1.2000000000000002	-3.0	-2.398843e-08	2.169956e-12	113.0599570274353	
-1.4000000000000001	-3.0	-2.630999e-08	2.639286e-12	114.47010207176208	
-1.6	-3.0	-2.875543e-08	-2.338235e-11	115.90010499954224	
-1.8	-3.0	-2.984346e-08	-2.030826e-12	117.34010410308838	
-2.0	-3.0	-3.077904e-08	5.063788e-14	118.43995380401611	
-2.2	-3.0	-3.123771e-08	-3.890758e-12	119.74995136260986	
-2.4000000000000004	-3.0	-3.134766e-08	-3.610167e-12	120.84994864463806	
-2.6	-3.0	-3.143774e-08	-5.8376e-12	122.15009474754333	
-2.8000000000000003	-3.0	-3.153899e-08	-7.798915e-12	123.24995923042297	
-3.0	-3.0	-3.191245e-08	3.276645e-12	124.54994034767151	
-3.2	-3.0	-3.257775e-08	-1.152169e-11	125.9600830078125	
-3.4000000000000004	-3.0	-3.194421e-08	1.212418e-11	127.3800835609436	
-3.6	-3.0	-3.231699e-08	1.761694e-11	128.7899296283722	
-3.8000000000000003	-3.0	-3.141058e-08	-1.9564e-11	130.20007491111755	
-4.0	-3.0	-3.122872e-08	-2.413234e-12	131.61007165908813	
-4.2	-3.0	-3.067077e-08	-1.061779e-11	133.060072183609	
-4.4	-3.0	-3.006587e-08	6.596658e-12	134.50006747245789	
-4.6000000000000005	-3.0	-3.005484e-08	-1.014847e-11	135.93006420135498	
-4.800000000000001	-3.0	-2.991833e-08	-2.053998e-12	137.35005807876587	
-5.0	-3.0	-2.911875e-08	-6.463361e-12	138.79005575180054	
0.0	-4.0	1.365319e-11	-9.458962e-12	140.1200544834137	
-0.2	-4.0	-6.991213e-09	-8.989637e-12	141.53004908561707	
-0.4	-4.0	-1.36588e-08	-1.056564e-11	143.26992225646973	
-0.6000000000000001	-4.0	-1.999488e-08	-5.936609e-12	144.35989427566528	
-0.8	-4.0	-2.584402e-08	-2.193063e-12	145.66989254951477	
-1.0	-4.0	-3.121342e-08	-9.376951e-12	146.76988863945007	
-1.2000000000000002	-4.0	-3.649145e-08	1.764364e-12	148.1098873615265	
-1.4000000000000001	-4.0	-4.135059e-08	-8.379078e-12	149.23988437652588	
-1.6	-4.0	-4.450651e-08	-2.024466e-14	150.54146265983582	
-1.8	-4.0	-4.77564e-08	1.075679e-11	151.9514617919922	
-2.0	-4.0	-5.002767e-08	-1.477222e-11	153.37145614624023	
-2.2	-4.0	-5.497339e-08	-1.109871e-11	154.78145289421082	
-2.4000000000000004	-4.0	-5.398918e-08	1.283685e-11	156.21145033836365	
-2.6	-4.0	-5.593266e-08	-7.100732e-12	157.6314468383789	
-2.8000000000000003	-4.0	-5.454274e-08	-2.011447e-11	159.0414445400238	
-3.0	-4.0	-5.538002e-08	5.495786e-12	160.4514400959015	
-3.2	-4.0	-5.615845e-08	-1.356704e-11	161.8614387512207	
-3.4000000000000004	-4.0	-5.56403e-08	5.25823e-12	163.30143475532532	
-3.6	-4.0	-5.59902e-08	8.66265e-13	164.74143052101135	
-3.8000000000000003	-4.0	-5.507572e-08	8.259551e-12	166.15143060684204	
-4.0	-4.0	-5.490626e-08	2.366959e-12	167.57142329216003	
-4.2	-4.0	-5.476535e-08	-1.06301e-11	168.6713035106659	
-4.4	-4.0	-5.494233e-08	-2.824626e-12	169.97127103805542	
-4.6000000000000005	-4.0	-5.579022e-08	-4.283153e-12	171.07129168510437	
-4.800000000000001	-4.0	-5.560244e-08	4.151566e-12	172.37126469612122	
-5.0	-4.0	-5.574467e-08	1.379199e-12	173.47129201889038	
0.0	-5.0	1.828396e-11	-2.058564e-11	174.46129155158997	
-0.2	-5.0	-8.534618e-09	-4.319518e-12	175.7514088153839	
-0.4	-5.0	-1.699976e-08	-1.157576e-11	177.18127870559692	
-0.6000000000000001	-5.0	-2.489513e-08	6.666803e-14	178.50125098228455	
-0.8	-5.0	-3.161667e-08	-2.772481e-12	179.92139649391174	
-1.0	-5.0	-4.002064e-08	5.426258e-12	181.3313934803009	
-1.2000000000000002	-5.0	-4.610496e-08	1.341388e-12	182.77139568328857	
-1.4000000000000001	-5.0	-5.155769e-08	3.815504e-12	184.18138813972473	
-1.6	-5.0	-5.769935e-08	1.967161e-12	185.6013844013214	
-1.8	-5.0	-6.244992e-08	2.482843e-12	187.02138304710388	
-2.0	-5.0	-6.718881e-08	4.047271e-12	188.43137788772583	
-2.2	-5.0	-7.34763e-08	-1.622657e-11	189.85137248039246	
-2.4000000000000004	-5.0	-7.537026e-08	1.567361e-12	191.26136660575867	
-2.6	-5.0	-7.80789e-08	-3.236014e-12	192.68135404586792	
-2.8000000000000003	-5.0	-7.921315e-08	-6.538692e-12	194.11136317253113	
-3.0	-5.0	-8.017454e-08	-3.166486e-12	195.5313663482666	
-3.2	-5.0	-7.998934e-08	-9.005649e-12	196.62125945091248	
-3.4000000000000004	-5.0	-7.905847e-08	8.172638e-12	197.94120693206787	
-3.6	-5.0	-8.053964e-08	6.61781e-12	199.04125475883484	
-3.8000000000000003	-5.0	-8.070959e-08	-2.888364e-12	200.33134865760803	
-4.0	-5.0	-8.005362e-08	1.040574e-11	201.4412055015564	
-4.2	-5.0	-8.138622e-08	1.613366e-11	202.7511956691742	
-4.4	-5.0	-7.945914e-08	9.551619e-12	204.16133570671082	
-4.6000000000000005	-5.0	-7.938844e-08	-2.795399e-11	205.59134149551392	
-4.800000000000001	-5.0	-7.974891e-08	-1.538642e-11	207.00133514404297	
-5.0	-5.0	-7.874164e-08	-9.528501e-12	208.41133069992065	
